001011010011001100110111001011010011100100110101001011010110010100110100001100000011010000110101001100000110001000110111011000110011000100110110001011010011001001100011001101100011011100110001001110000011001000110011001101110011000001100011,0010110100110111

001011010011100100110101001011010011100100110001001011010011100000110011001101010011000000110111001101000110001101100100001110010011010000110000001011010011010000110111011000010110010000110011011001000011010100110001011000100011000001100100,0010110100110100

001011010011010000110010001011010011100100110001001011010110000101100101011000110011011000110010001110000110001001100011011000010011011000110110001011010110011000110100001100000011100101100001011001000110010000111001001110000011010001100100,001011010011011000111000

001011010011001000110000001011010011100100110001001011010011100101100110001100000011010000111001011001010011000100110001001101010011000100110110001011010011001100110110001101110110011001100101001100010011011101100100011000110011000101100100,001011010011100000110001

001011010011010000111001001011010011100100110110001011010011010101100010011001100110001000110100001101100011100000110000011000010011000100110000001011010110001100110010001100110011001001100101011001010110000101100011001101010110010100110011,001011010011010000111000

001011010011001000110011001011010011100100111001001011010011011100110111011000010011001000110101001101010011011000110010011000010110010101100010001011010011000100110110001101010110001000110101011001010011000000111000001101110011010001100001,0010110100110011

001011010011100000110110001011010011100100110011001011010011001101100110011000010110011000110111001110010011000001100101001101110011000101100101001011010011000100110001011000100011010000110010011000010011011101100101001110000011001101100001,001011010011011100110011

001011010011001000111000001011010011100100110011001011010110010001100001001100010011100000111001001101010110001001100101011001100110010100110001001011010011001001100110011001100011000100110111001100010011011000110001011000100011100001100100,0010110100110111

001011010011010100110111001011010011100100110110001011010011100000111001001100000011100101100110011000010011100000110110001100100011100000110011001011010011001000110101011001010110011000110111001100010110010000110011001100010011000100110100,0010110100110011

001011010011000000111001001011010011100100111000001011010110001000110111001101000110000101100100001101110110000100110101001100110011000000111001001011010011001100111001011000100011011000110000001100110011010001100110011001100011011000110101,0010110100110111

001011010011100100111001001011010011100100110110001011010011010100110100011000010110001000110111011001010110011001100010001100000011000000111001001011010011000100110000001110000011000000111000011001000011011100110011001100000110010000110000,001011010011100000001010

001011010011011000110010001011010011100100111001001011010011000000110011001101100011000001100011011000100011011000110010011000110110011001100010001011010011011001100011001110010011011000110010001110000110011001100110001110000110010100110011,0010110100110001

001011010011000100110111001011010011100100111000001011010110010101100011001100010011000100110111011000110011010001100110001110010011001000110100001011010110001001100011001101110011000100110110001100000110010000110011011000110110001100110111,0010110100110011

001011010011011100110011001011010011100100110010001011010011010000110110001110010110001100110010001101000110001000110000011000110011010101100100001011010011000100110001001100000011001101100001011001000011100101100100001101010110000100110010,001011010011000100110111

001011010011001100110011001011010011100100110100001011010011000000110100011000010110001001100110001100000011010101100001011001010011000100110110001011010011100100110100001110010011000100110110001100010011100100110011011001000110000101100110,001011010011000100001010

001011010011000100110000001011010011100100110101001011010110001100110100001110010110001100110000001101010011011000110100001101000011000100110001001011010011010000110111001100000110011000110011001100000110001000110000001101000011010100110010,001011010011010000110101

001011010011000100110111001011010011100100110010001011010011100100110101001100010011100100111000001101100011001000110101001101110110010000111000001011010011000001100010001101010011001100110000001101000011000000110011001100110110000100110111,0010110100110011

001011010011100000110010001011010011100100110101001011010110001000110110011001000110010001100110001110000011010100110010001101010011001000111001001011010011000100110011001101010110000101100100001100100011010000110100001110000011100001100100,0010110100110011

001011010011001100110110001011010011100100111001001011010110001001100010001100000011011000110111011001000011011000110011011000100011010101100001001011010110001000110010001100010011100101100011001100100011011000110011011001010110010101100101,001011010011000000001010

001011010011000100110111001011010011100100110100001011010110001001100110001110010110000101100001011001010011010000110011011001000011000101100110001011010110011000110010011001000011010000110000011000110011100000110001001100110011001000110010,001011010011011100110111

001011010011010000111000001011010011100100111000001011010011100100110110001110010110000101100101001101110011100000110100011001010110010100110010001011010011011100110110011001010110010100110010011000110110010000110111001100110011001101100011,0010110100110111

001011010011100100110011001011010011100100110111001011010011011100110100001101000011100100110001011001000110001100110101001110010110010000111000001011010011001100110000011000010110000100111000011001100011000000110110001110000011011101100001,001011010011011100001010

001011010011000000110011001011010011100100110100001011010110011000110001001110000011010101100110011001100011000100111000011001010011001000110111001011010110001000111001011001000011010101100101011000100011000100111000001101000110001000110000,0010110100110101

001011010011001000110000001011010011100100110010001011010011010000111000011000100110010001100100011001100110011001100010001100110110010101100010001011010110001000111000011000100011010100110111001101110110010100110101001101010110010000110100,0010110100110001

001011010011010000110010001011010011100100111000001011010011000101100010011000010011100101100001011000010011000001100001001100000011100100110010001011010011100101100101001100100110001100110110011001000110010000110100001100100011001000111000,001011010011010000110001

001011010011100000110010001011010011100100110011001011010011011000110101011001000011001100110000011000010011010000110000011000100011010001100011001011010110011000110011001101010011010000110101001101000011000100110011011000110110001101100110,001011010011000000110100

001011010011000000110000001011010011100100110100001011010011011000111000001101000110011000110010011001010011100100110000011001100110000101100011001011010011000100110100001101100110010000110011001101110011010000110110001101010110000101100011,001011010011011100111000

001011010011000000110001001011010011100100110111001011010110001000110101011001100110001000110100011001100011001000110111011000100110001100110010001011010110010101100010001100000011010101100001001110000110010000110110011000110110010001100011,0010110100111001

001011010011000100110111001011010011100100110101001011010110001100110000011001100011010101100011001100010011100100110000011000110011000001100110001011010011010001100010011000010110001100110011001110000110010100110000001101000011100101100100,0010110100110101

001011010011001000110100001011010011100100111000001011010011100100110001011001100110010000110101001110000011001101100001001100110011000100110001001011010011000100110100011000100011011000110100011000110110001000110110001101110011100000110010,0010110100110101

001011010011000100111000001011010011100100110111001011010011011100110110001110010011100101100001011000100110011000110101001100100011100101100010001011010110001100111001001100010011011100111000001101010011010100110011001101000011000001100100,001011010011100100110010

001011010011010100110000001011010011100100110010001011010110001101100100001110010110010000111000011000110011010000110101011001010011011000110011001011010011001100111000001100000011100100110100011001000011010001100001011000010011100000110001,001011010011011100110010

001011010011100100110111001011010011100100110000001011010110010100110001011000100011001001100001011001100110000100110101001100010110001101100010001011010110000100111001011000100110010000110110011001010011011100111001001101100110010000110101,001011010011011100110100

001011010011010000111001001011010011100100110111001011010011010100111000001101100011010000110011001110000110000100110011001101100011100001100010001011010110011001100010001101110011100101100101011000100011010100110000011001000011001001100011,001011010011100100111000

001011010011000100110000001011010011100100110101001011010011011101100101011000100011010101100001001110010110001100110000001100100011010100111000001011010011001100110110001110000011100000111000001110010110011000111001011001010110010100111000,0010110100110110

001011010011011100110000001011010011100100110100001011010110001100110100011000010011011100110111011000110011011001100001001100100011001100110011001011010110001001100100001100100011010101100011001100010011010100110100001110010110001000110101,0010110100110010

001011010011010000110110001011010011100100110011001011010011100001100011001100010011100000110001011001100011000001100100011001000011001000110101001011010011011100110001011000110011001001100101001101110011010100111000001100000011001100111001,00101101

